#define R0AB_TABLE { \
    {2.18230000E+00, 1.85470000E+00, 2.90860000E+00, 2.35500000E+00, 2.51410000E+00, 2.44920000E+00, 2.36670000E+00, 2.17680000E+00, 2.06460000E+00, 1.98920000E+00, 2.98980000E+00, 2.51290000E+00, 2.87660000E+00, 2.88840000E+00, 2.83040000E+00, 2.61900000E+00, 2.47570000E+00, 2.37250000E+00, 3.21470000E+00, 2.75970000E+00, 2.73610000E+00, 2.68320000E+00, 2.63790000E+00, 2.92300000E+00, 2.54900000E+00, 2.49260000E+00, 2.46670000E+00, 2.45150000E+00, 2.44130000E+00, 2.43180000E+00, 2.85020000E+00, 2.92260000E+00, 2.91400000E+00, 2.73000000E+00, 2.60260000E+00, 2.50870000E+00, 3.28930000E+00, 2.87860000E+00, 2.89970000E+00, 2.85350000E+00, 3.09050000E+00, 3.03010000E+00, 2.91890000E+00, 2.85780000E+00, 2.82400000E+00, 2.80040000E+00, 2.78460000E+00, 2.54240000E+00, 2.97430000E+00, 3.07750000E+00, 3.08930000E+00, 2.90910000E+00, 2.78060000E+00, 2.68480000E+00, 3.39680000E+00, 3.06300000E+00, 3.06320000E+00, 2.94550000E+00, 2.92440000E+00, 2.90460000E+00, 2.88780000E+00, 2.87090000E+00, 2.85680000E+00, 2.67980000E+00, 2.51890000E+00, 3.04810000E+00, 2.81360000E+00, 2.80320000E+00, 2.79670000E+00, 2.78970000E+00, 2.83950000E+00, 2.90070000E+00, 2.85590000E+00, 2.81100000E+00, 2.76760000E+00, 2.69120000E+00, 2.78950000E+00, 2.75220000E+00, 2.72020000E+00, 2.53150000E+00, 2.98520000E+00, 3.11600000E+00, 3.14160000E+00, 2.96640000E+00, 2.83880000E+00, 2.74120000E+00, 3.41550000E+00, 3.05480000E+00, 3.38500000E+00, 3.09420000E+00, 3.01870000E+00, 2.98750000E+00, 2.96590000E+00, 2.87630000E+00}, \
    {1.85470000E+00, 1.73470000E+00, 2.57320000E+00, 2.50950000E+00, 2.39170000E+00, 2.25270000E+00, 2.13280000E+00, 2.06250000E+00, 1.98910000E+00, 1.92510000E+00, 2.63970000E+00, 2.73210000E+00, 2.74270000E+00, 2.66050000E+00, 2.55380000E+00, 2.47970000E+00, 2.40190000E+00, 2.32890000E+00, 2.83150000E+00, 3.05880000E+00, 2.97650000E+00, 2.90600000E+00, 2.84940000E+00, 2.62230000E+00, 2.76230000E+00, 2.71360000E+00, 2.67090000E+00, 2.63380000E+00, 2.60060000E+00, 2.57290000E+00, 2.69340000E+00, 2.68380000E+00, 2.62710000E+00, 2.58700000E+00, 2.53550000E+00, 2.48140000E+00, 2.89910000E+00, 3.16580000E+00, 3.09530000E+00, 3.01670000E+00, 2.79980000E+00, 2.73120000E+00, 2.67770000E+00, 2.63340000E+00, 2.59600000E+00, 2.56210000E+00, 2.53240000E+00, 2.66010000E+00, 2.80580000E+00, 2.82750000E+00, 2.79170000E+00, 2.76380000E+00, 2.72090000E+00, 2.67400000E+00, 3.01220000E+00, 3.32710000E+00, 3.26620000E+00, 3.24700000E+00, 3.22410000E+00, 3.20440000E+00, 3.18900000E+00, 3.17370000E+00, 3.16080000E+00, 3.01510000E+00, 2.97030000E+00, 2.95840000E+00, 3.09510000E+00, 3.08050000E+00, 3.06890000E+00, 3.06360000E+00, 3.00810000E+00, 2.96740000E+00, 2.90500000E+00, 2.85200000E+00, 2.80780000E+00, 2.76040000E+00, 2.58490000E+00, 2.55240000E+00, 2.51830000E+00, 2.61040000E+00, 2.78810000E+00, 2.84820000E+00, 2.83250000E+00, 2.82090000E+00, 2.78900000E+00, 2.74890000E+00, 3.05220000E+00, 3.32060000E+00, 3.42080000E+00, 3.20750000E+00, 3.19180000E+00, 3.16740000E+00, 3.14420000E+00, 3.12940000E+00}, \
    {2.90860000E+00, 2.57320000E+00, 3.49560000E+00, 2.98020000E+00, 2.99770000E+00, 3.19330000E+00, 2.87840000E+00, 2.63950000E+00, 2.50860000E+00, 2.41900000E+00, 3.60310000E+00, 3.10520000E+00, 3.27760000E+00, 3.75130000E+00, 3.39320000E+00, 3.13310000E+00, 2.97890000E+00, 2.87600000E+00, 3.87240000E+00, 3.34740000E+00, 3.24750000E+00, 3.26130000E+00, 3.18400000E+00, 3.41610000E+00, 3.09910000E+00, 3.06930000E+00, 3.05750000E+00, 3.05110000E+00, 3.05400000E+00, 3.04160000E+00, 3.24670000E+00, 3.78670000E+00, 3.47710000E+00, 3.24710000E+00, 3.11290000E+00, 3.02390000E+00, 4.03880000E+00, 3.58230000E+00, 3.45240000E+00, 3.39780000E+00, 3.64480000E+00, 3.58210000E+00, 3.49250000E+00, 3.46730000E+00, 3.46350000E+00, 3.46170000E+00, 3.46520000E+00, 3.25550000E+00, 3.48300000E+00, 4.01810000E+00, 3.72620000E+00, 3.50660000E+00, 3.38120000E+00, 3.29250000E+00, 4.22410000E+00, 4.04320000E+00, 3.64320000E+00, 3.61080000E+00, 3.58480000E+00, 3.56210000E+00, 3.54120000E+00, 3.51990000E+00, 3.50500000E+00, 3.25860000E+00, 3.30630000E+00, 3.69190000E+00, 3.46350000E+00, 3.45190000E+00, 3.44450000E+00, 3.43440000E+00, 3.31710000E+00, 3.81740000E+00, 3.83250000E+00, 3.74800000E+00, 3.67250000E+00, 3.60370000E+00, 3.64840000E+00, 3.57420000E+00, 3.49470000E+00, 3.27340000E+00, 3.52840000E+00, 4.07390000E+00, 3.77350000E+00, 3.55470000E+00, 3.43290000E+00, 3.33740000E+00, 4.25410000E+00, 3.81320000E+00, 3.70040000E+00, 3.51520000E+00, 3.51270000E+00, 3.49710000E+00, 3.47950000E+00, 3.55980000E+00}, \
    {2.35500000E+00, 2.50950000E+00, 2.98020000E+00, 3.09820000E+00, 2.94840000E+00, 3.02140000E+00, 2.76600000E+00, 2.66480000E+00, 2.69080000E+00, 2.54730000E+00, 3.12190000E+00, 3.29620000E+00, 3.23630000E+00, 3.16130000E+00, 3.11930000E+00, 3.05400000E+00, 3.14680000E+00, 2.98040000E+00, 3.46210000E+00, 3.62140000E+00, 3.50040000E+00, 3.43590000E+00, 3.42250000E+00, 2.89990000E+00, 3.32520000E+00, 3.26990000E+00, 3.23570000E+00, 3.22290000E+00, 3.19870000E+00, 3.16390000E+00, 3.19210000E+00, 3.17320000E+00, 3.17740000E+00, 3.14870000E+00, 3.28630000E+00, 3.13120000E+00, 3.61000000E+00, 3.76890000E+00, 3.61070000E+00, 3.53630000E+00, 3.07390000E+00, 3.04730000E+00, 2.96480000E+00, 2.92450000E+00, 2.90320000E+00, 2.91540000E+00, 2.87590000E+00, 3.28070000E+00, 3.34740000E+00, 3.33850000E+00, 3.35180000E+00, 3.33770000E+00, 3.49580000E+00, 3.33860000E+00, 3.78870000E+00, 4.00460000E+00, 3.80880000E+00, 3.85220000E+00, 3.82930000E+00, 3.80780000E+00, 3.79080000E+00, 3.77340000E+00, 3.75980000E+00, 3.52920000E+00, 3.62350000E+00, 3.59900000E+00, 3.68750000E+00, 3.67000000E+00, 3.65810000E+00, 3.64800000E+00, 3.48780000E+00, 3.58560000E+00, 3.54420000E+00, 3.51050000E+00, 3.48040000E+00, 3.41940000E+00, 3.01620000E+00, 2.95080000E+00, 2.87310000E+00, 3.22990000E+00, 3.34930000E+00, 3.35990000E+00, 3.37870000E+00, 3.37960000E+00, 3.55930000E+00, 3.39500000E+00, 3.82180000E+00, 3.97200000E+00, 3.88000000E+00, 3.66590000E+00, 3.68750000E+00, 3.67150000E+00, 3.65030000E+00, 3.74650000E+00}, \
    {2.51410000E+00, 2.39170000E+00, 2.99770000E+00, 2.94840000E+00, 3.21600000E+00, 2.95310000E+00, 2.77760000E+00, 2.64820000E+00, 2.62330000E+00, 2.49940000E+00, 3.76200000E+00, 3.13310000E+00, 3.59290000E+00, 3.36050000E+00, 3.18660000E+00, 3.06510000E+00, 2.97680000E+00, 2.90930000E+00, 3.88230000E+00, 3.43530000E+00, 3.41850000E+00, 3.35380000E+00, 3.27710000E+00, 3.05570000E+00, 3.18360000E+00, 3.12720000E+00, 3.09080000E+00, 3.06300000E+00, 3.04900000E+00, 3.01960000E+00, 3.56630000E+00, 3.38720000E+00, 3.25600000E+00, 3.16670000E+00, 3.10290000E+00, 3.05350000E+00, 3.93880000E+00, 3.57620000E+00, 3.60620000E+00, 3.53930000E+00, 3.29960000E+00, 3.21370000E+00, 3.12160000E+00, 3.07320000E+00, 3.04310000E+00, 3.02030000E+00, 3.00510000E+00, 3.13840000E+00, 3.68630000E+00, 3.53790000E+00, 3.42410000E+00, 3.34810000E+00, 3.29130000E+00, 3.24730000E+00, 4.00490000E+00, 4.15550000E+00, 3.79100000E+00, 3.66250000E+00, 3.63950000E+00, 3.61850000E+00, 3.59740000E+00, 3.58020000E+00, 3.56650000E+00, 3.53910000E+00, 3.45170000E+00, 3.88810000E+00, 3.49870000E+00, 3.48270000E+00, 3.47170000E+00, 3.46260000E+00, 3.53600000E+00, 3.64860000E+00, 3.50770000E+00, 3.43460000E+00, 3.37750000E+00, 3.30940000E+00, 3.12670000E+00, 3.07510000E+00, 3.01980000E+00, 3.10900000E+00, 3.69580000E+00, 3.56980000E+00, 3.46320000E+00, 3.39850000E+00, 3.34880000E+00, 3.30760000E+00, 4.04380000E+00, 3.76750000E+00, 3.98860000E+00, 3.82890000E+00, 3.74040000E+00, 3.71140000E+00, 3.68140000E+00, 3.56590000E+00}, \
    {2.44920000E+00, 2.25270000E+00, 3.19330000E+00, 3.02140000E+00, 2.95310000E+00, 2.91030000E+00, 2.70630000E+00, 2.56970000E+00, 2.47700000E+00, 2.40910000E+00, 3.24850000E+00, 3.20000000E+00, 3.28260000E+00, 3.33250000E+00, 3.12450000E+00, 2.98790000E+00, 2.88480000E+00, 2.80400000E+00, 3.37600000E+00, 3.47290000E+00, 3.43780000E+00, 3.38600000E+00, 3.34010000E+00, 3.33080000E+00, 3.24280000E+00, 3.18930000E+00, 3.15370000E+00, 3.12650000E+00, 3.10580000E+00, 3.08430000E+00, 3.25410000E+00, 3.36430000E+00, 3.19700000E+00, 3.09140000E+00, 3.01080000E+00, 2.94570000E+00, 3.44750000E+00, 3.57890000E+00, 3.57830000E+00, 3.53010000E+00, 3.52620000E+00, 3.46790000E+00, 3.29400000E+00, 3.24350000E+00, 3.21150000E+00, 3.18750000E+00, 3.16920000E+00, 3.17370000E+00, 3.36170000E+00, 3.50360000E+00, 3.54330000E+00, 3.26330000E+00, 3.18880000E+00, 3.12840000E+00, 3.53840000E+00, 3.74260000E+00, 3.73810000E+00, 3.65980000E+00, 3.64000000E+00, 3.62200000E+00, 3.60780000E+00, 3.59340000E+00, 3.58030000E+00, 3.49020000E+00, 3.39890000E+00, 3.42090000E+00, 3.51830000E+00, 3.50500000E+00, 3.49510000E+00, 3.48920000E+00, 3.51450000E+00, 3.53390000E+00, 3.49050000E+00, 3.34610000E+00, 3.24110000E+00, 3.17100000E+00, 3.21250000E+00, 3.01580000E+00, 3.14570000E+00, 2.99420000E+00, 3.36420000E+00, 3.53660000E+00, 3.59230000E+00, 3.31640000E+00, 3.24860000E+00, 3.19100000E+00, 3.58750000E+00, 3.73510000E+00, 3.90400000E+00, 3.74590000E+00, 3.69430000E+00, 3.66920000E+00, 3.64760000E+00, 3.58160000E+00}, \
    {2.36670000E+00, 2.13280000E+00, 2.87840000E+00, 2.76600000E+00, 2.77760000E+00, 2.70630000E+00, 2.62250000E+00, 2.48460000E+00, 2.38850000E+00, 2.31760000E+00, 2.93570000E+00, 2.95860000E+00, 3.09110000E+00, 3.09910000E+00, 3.04650000E+00, 2.90540000E+00, 2.79520000E+00, 2.70710000E+00, 3.07460000E+00, 3.24870000E+00, 3.20840000E+00, 3.15500000E+00, 3.10720000E+00, 3.05550000E+00, 3.02590000E+00, 2.96580000E+00, 2.92350000E+00, 2.89090000E+00, 2.86430000E+00, 2.84130000E+00, 3.05710000E+00, 3.12670000E+00, 3.12070000E+00, 3.01070000E+00, 2.92270000E+00, 2.84960000E+00, 3.15900000E+00, 3.35520000E+00, 3.34630000E+00, 3.29600000E+00, 3.25590000E+00, 3.19750000E+00, 3.09750000E+00, 3.03380000E+00, 2.98920000E+00, 2.95480000E+00, 2.92730000E+00, 2.93970000E+00, 3.16080000E+00, 3.25890000E+00, 3.27730000E+00, 3.18100000E+00, 3.09900000E+00, 3.03010000E+00, 3.26980000E+00, 3.51300000E+00, 3.50930000E+00, 3.44110000E+00, 3.42040000E+00, 3.40190000E+00, 3.38710000E+00, 3.37240000E+00, 3.36010000E+00, 3.28870000E+00, 3.21070000E+00, 3.16060000E+00, 3.29370000E+00, 3.27990000E+00, 3.26940000E+00, 3.26260000E+00, 3.28090000E+00, 3.28320000E+00, 3.23960000E+00, 3.19710000E+00, 3.15810000E+00, 3.08620000E+00, 3.00430000E+00, 2.96440000E+00, 2.92760000E+00, 2.91590000E+00, 3.15680000E+00, 3.28540000E+00, 3.32140000E+00, 3.23640000E+00, 3.16150000E+00, 3.09610000E+00, 3.32860000E+00, 3.51670000E+00, 3.67190000E+00, 3.51560000E+00, 3.47020000E+00, 3.44460000E+00, 3.42220000E+00, 3.35990000E+00}, \
    {2.17680000E+00, 2.06250000E+00, 2.63950000E+00, 2.66480000E+00, 2.64820000E+00, 2.56970000E+00, 2.48460000E+00, 2.48170000E+00, 2.35110000E+00, 2.25710000E+00, 2.70930000E+00, 3.08220000E+00, 2.93690000E+00, 2.92970000E+00, 2.87270000E+00, 2.88050000E+00, 2.74570000E+00, 2.63860000E+00, 2.88170000E+00, 3.32000000E+00, 3.27870000E+00, 3.23000000E+00, 3.18850000E+00, 2.85080000E+00, 3.12250000E+00, 3.09720000E+00, 3.06690000E+00, 3.02530000E+00, 2.99480000E+00, 2.74360000E+00, 2.90480000E+00, 2.95410000E+00, 2.94060000E+00, 2.98120000E+00, 2.86940000E+00, 2.77800000E+00, 2.98120000E+00, 3.40040000E+00, 3.38550000E+00, 3.33520000E+00, 3.05180000E+00, 2.99690000E+00, 2.97570000E+00, 2.94620000E+00, 2.91480000E+00, 2.80380000E+00, 2.76150000E+00, 2.84290000E+00, 3.00690000E+00, 3.08040000E+00, 3.08900000E+00, 3.14280000E+00, 3.03940000E+00, 2.95310000E+00, 3.10830000E+00, 3.51740000E+00, 3.51550000E+00, 3.46600000E+00, 3.44990000E+00, 3.43590000E+00, 3.42430000E+00, 3.41280000E+00, 3.40310000E+00, 3.33220000E+00, 3.24340000E+00, 3.19380000E+00, 3.35800000E+00, 3.34820000E+00, 3.33970000E+00, 3.33440000E+00, 3.33070000E+00, 3.31540000E+00, 3.27200000E+00, 3.23260000E+00, 3.19830000E+00, 3.17890000E+00, 2.95720000E+00, 2.83380000E+00, 2.78260000E+00, 2.83240000E+00, 3.00550000E+00, 3.10390000E+00, 3.12850000E+00, 3.19560000E+00, 3.10000000E+00, 3.01750000E+00, 3.16820000E+00, 3.52740000E+00, 3.65470000E+00, 3.51970000E+00, 3.48880000E+00, 3.46760000E+00, 3.44910000E+00, 3.40240000E+00}, \
    {2.06460000E+00, 1.98910000E+00, 2.50860000E+00, 2.69080000E+00, 2.62330000E+00, 2.47700000E+00, 2.38850000E+00, 2.35110000E+00, 2.29960000E+00, 2.19460000E+00, 2.57810000E+00, 2.85820000E+00, 2.90300000E+00, 2.86740000E+00, 2.76640000E+00, 2.73300000E+00, 2.68810000E+00, 2.57200000E+00, 2.75520000E+00, 3.09140000E+00, 3.06040000E+00, 3.01330000E+00, 2.97140000E+00, 2.73850000E+00, 2.90320000E+00, 2.87780000E+00, 2.84760000E+00, 2.81840000E+00, 2.79080000E+00, 2.76080000E+00, 2.86570000E+00, 2.85050000E+00, 2.83220000E+00, 2.83000000E+00, 2.81090000E+00, 2.78280000E+00, 2.85860000E+00, 3.17220000E+00, 3.17460000E+00, 3.12870000E+00, 2.93940000E+00, 2.88470000E+00, 2.84930000E+00, 2.81430000E+00, 2.78010000E+00, 2.74720000E+00, 2.71640000E+00, 2.84920000E+00, 2.96400000E+00, 3.00940000E+00, 2.97750000E+00, 2.98720000E+00, 2.97890000E+00, 2.96020000E+00, 2.99170000E+00, 3.28840000E+00, 3.30470000E+00, 3.24150000E+00, 3.22530000E+00, 3.21100000E+00, 3.19920000E+00, 3.18770000E+00, 3.17790000E+00, 3.12280000E+00, 3.00940000E+00, 2.99750000E+00, 3.13250000E+00, 3.12330000E+00, 3.11470000E+00, 3.10880000E+00, 3.12600000E+00, 3.11440000E+00, 3.07260000E+00, 3.03290000E+00, 2.99730000E+00, 2.97380000E+00, 2.81970000E+00, 2.78910000E+00, 2.75740000E+00, 2.83500000E+00, 2.95580000E+00, 2.99530000E+00, 3.01470000E+00, 3.03700000E+00, 3.03940000E+00, 3.02800000E+00, 3.05660000E+00, 3.30850000E+00, 3.46250000E+00, 3.32900000E+00, 3.29140000E+00, 3.26850000E+00, 3.24940000E+00, 3.18770000E+00}, \
    {1.98920000E+00, 1.92510000E+00, 2.41900000E+00, 2.54730000E+00, 2.49940000E+00, 2.40910000E+00, 2.31760000E+00, 2.25710000E+00, 2.19460000E+00, 2.13740000E+00, 2.48390000E+00, 2.71200000E+00, 2.77890000E+00, 2.75710000E+00, 2.69260000E+00, 2.63310000E+00, 2.57280000E+00, 2.51390000E+00, 2.66050000E+00, 2.94030000E+00, 2.91870000E+00, 2.87360000E+00, 2.83190000E+00, 2.66400000E+00, 2.76210000E+00, 2.73580000E+00, 2.70540000E+00, 2.67640000E+00, 2.64910000E+00, 2.62710000E+00, 2.74380000E+00, 2.77810000E+00, 2.75710000E+00, 2.72840000E+00, 2.69290000E+00, 2.65320000E+00, 2.76830000E+00, 3.02120000E+00, 3.03810000E+00, 2.99670000E+00, 2.86580000E+00, 2.81100000E+00, 2.76380000E+00, 2.72400000E+00, 2.68730000E+00, 2.65300000E+00, 2.62120000E+00, 2.72250000E+00, 2.84270000E+00, 2.90030000E+00, 2.90100000E+00, 2.88370000E+00, 2.85820000E+00, 2.82720000E+00, 2.90570000E+00, 3.13780000E+00, 3.16810000E+00, 3.09440000E+00, 3.07790000E+00, 3.06350000E+00, 3.05130000E+00, 3.03960000E+00, 3.02960000E+00, 2.98880000E+00, 2.85800000E+00, 2.86460000E+00, 2.98320000E+00, 2.97470000E+00, 2.96610000E+00, 2.95970000E+00, 2.99400000E+00, 2.98660000E+00, 2.94670000E+00, 2.90700000E+00, 2.87050000E+00, 2.84270000E+00, 2.72610000E+00, 2.69330000E+00, 2.66060000E+00, 2.72160000E+00, 2.83930000E+00, 2.91920000E+00, 2.93660000E+00, 2.93130000E+00, 2.91650000E+00, 2.89290000E+00, 2.97460000E+00, 3.16530000E+00, 3.33700000E+00, 3.20690000E+00, 3.16430000E+00, 3.14050000E+00, 3.12090000E+00, 3.04840000E+00}, \
    {2.98980000E+00, 2.63970000E+00, 3.60310000E+00, 3.12190000E+00, 3.76200000E+00, 3.24850000E+00, 2.93570000E+00, 2.70930000E+00, 2.57810000E+00, 2.48390000E+00, 3.70820000E+00, 3.25700000E+00, 3.39210000E+00, 3.81290000E+00, 3.46080000E+00, 3.20960000E+00, 3.05740000E+00, 2.95170000E+00, 3.97400000E+00, 3.49720000E+00, 3.40370000E+00, 3.40240000E+00, 3.33150000E+00, 3.52630000E+00, 3.24900000E+00, 3.22060000E+00, 3.20640000E+00, 3.19680000E+00, 3.19500000E+00, 3.18110000E+00, 3.35470000E+00, 3.84750000E+00, 3.54550000E+00, 3.32590000E+00, 3.19580000E+00, 3.10630000E+00, 4.14280000E+00, 3.72410000E+00, 3.60190000E+00, 3.66590000E+00, 3.75140000E+00, 3.69310000E+00, 3.60850000E+00, 3.58320000E+00, 3.57760000E+00, 3.57360000E+00, 3.57440000E+00, 3.38750000E+00, 3.58850000E+00, 4.08690000E+00, 3.80480000E+00, 3.59290000E+00, 3.47160000E+00, 3.38300000E+00, 4.33400000E+00, 4.18940000E+00, 3.78710000E+00, 3.75140000E+00, 3.72570000E+00, 3.70370000E+00, 3.68310000E+00, 3.66240000E+00, 3.64790000E+00, 3.40120000E+00, 3.42530000E+00, 3.81380000E+00, 3.60780000E+00, 3.59710000E+00, 3.58980000E+00, 3.58040000E+00, 3.47410000E+00, 3.96180000E+00, 3.96440000E+00, 3.88230000E+00, 3.80700000E+00, 3.73780000E+00, 3.77010000E+00, 3.69260000E+00, 3.60900000E+00, 3.39940000E+00, 3.62870000E+00, 4.14320000E+00, 3.85270000E+00, 3.64250000E+00, 3.52670000E+00, 3.43280000E+00, 4.36270000E+00, 3.95000000E+00, 3.83940000E+00, 3.67020000E+00, 3.66690000E+00, 3.65460000E+00, 3.63240000E+00, 3.70090000E+00}, \
    {2.51290000E+00, 2.73210000E+00, 3.10520000E+00, 3.29620000E+00, 3.13310000E+00, 3.20000000E+00, 2.95860000E+00, 3.08220000E+00, 2.85820000E+00, 2.71200000E+00, 3.25700000E+00, 3.48390000E+00, 3.39700000E+00, 3.32660000E+00, 3.29840000E+00, 3.56680000E+00, 3.32640000E+00, 3.16060000E+00, 3.61920000E+00, 3.79930000E+00, 3.67590000E+00, 3.61420000E+00, 3.59790000E+00, 3.02770000E+00, 3.51100000E+00, 3.45660000E+00, 3.45190000E+00, 3.41140000E+00, 3.39220000E+00, 3.35910000E+00, 3.35100000E+00, 3.33360000E+00, 3.35140000E+00, 3.31820000E+00, 3.46700000E+00, 3.31430000E+00, 3.79110000E+00, 3.96040000E+00, 3.79380000E+00, 3.72390000E+00, 3.22950000E+00, 3.20760000E+00, 3.12140000E+00, 3.07890000E+00, 3.05680000E+00, 3.05840000E+00, 3.02750000E+00, 3.49100000E+00, 3.52190000E+00, 3.50880000E+00, 3.53620000E+00, 3.51830000E+00, 3.68830000E+00, 3.53580000E+00, 3.99000000E+00, 4.23210000E+00, 3.99240000E+00, 4.03970000E+00, 4.01700000E+00, 3.99580000E+00, 3.97840000E+00, 3.96080000E+00, 3.94710000E+00, 3.71450000E+00, 3.81570000E+00, 3.79350000E+00, 3.87570000E+00, 3.85860000E+00, 3.84680000E+00, 3.83590000E+00, 3.66750000E+00, 3.84300000E+00, 3.80500000E+00, 3.79280000E+00, 3.73920000E+00, 3.67420000E+00, 3.24460000E+00, 3.18140000E+00, 3.05810000E+00, 3.44750000E+00, 3.52830000E+00, 3.53200000E+00, 3.56020000E+00, 3.55650000E+00, 3.74790000E+00, 3.58830000E+00, 4.02490000E+00, 4.17300000E+00, 4.03350000E+00, 3.84480000E+00, 3.87240000E+00, 3.85790000E+00, 3.83750000E+00, 3.94510000E+00}, \
    {2.87660000E+00, 2.74270000E+00, 3.27760000E+00, 3.23630000E+00, 3.59290000E+00, 3.28260000E+00, 3.09110000E+00, 2.93690000E+00, 2.90300000E+00, 2.77890000E+00, 3.39210000E+00, 3.39700000E+00, 4.01060000E+00, 3.71050000E+00, 3.51420000E+00, 3.36840000E+00, 3.35620000E+00, 3.20850000E+00, 3.65690000E+00, 3.67730000E+00, 3.65860000E+00, 3.59790000E+00, 3.52560000E+00, 3.29900000E+00, 3.44290000E+00, 3.38960000E+00, 3.35930000E+00, 3.34920000E+00, 3.33160000E+00, 3.30450000E+00, 3.98370000E+00, 3.73590000E+00, 3.58370000E+00, 3.47070000E+00, 3.40180000E+00, 3.35490000E+00, 3.82250000E+00, 3.85000000E+00, 3.86970000E+00, 3.80700000E+00, 3.56430000E+00, 3.49430000E+00, 3.40060000E+00, 3.36170000E+00, 3.34330000E+00, 3.33040000E+00, 3.32490000E+00, 3.45200000E+00, 4.13140000E+00, 3.91050000E+00, 3.77460000E+00, 3.67290000E+00, 3.61050000E+00, 3.56720000E+00, 4.65880000E+00, 4.17250000E+00, 4.06370000E+00, 3.92310000E+00, 3.90030000E+00, 3.87920000E+00, 3.85790000E+00, 3.83970000E+00, 3.82620000E+00, 3.78300000E+00, 3.72580000E+00, 3.70810000E+00, 3.76160000E+00, 3.74610000E+00, 3.73580000E+00, 3.72510000E+00, 3.78320000E+00, 3.99800000E+00, 3.89810000E+00, 3.82640000E+00, 3.76680000E+00, 3.69280000E+00, 3.52390000E+00, 3.45280000E+00, 3.37470000E+00, 3.43540000E+00, 4.15110000E+00, 3.94780000E+00, 3.81310000E+00, 3.72090000E+00, 3.66500000E+00, 3.62270000E+00, 4.69470000E+00, 4.06130000E+00, 4.23730000E+00, 4.03400000E+00, 3.99400000E+00, 3.96370000E+00, 3.93970000E+00, 3.84650000E+00}, \
    {2.88840000E+00, 2.66050000E+00, 3.75130000E+00, 3.16130000E+00, 3.36050000E+00, 3.33250000E+00, 3.09910000E+00, 2.92970000E+00, 2.86740000E+00, 2.75710000E+00, 3.81290000E+00, 3.32660000E+00, 3.71050000E+00, 3.79170000E+00, 3.54180000E+00, 3.36860000E+00, 3.25290000E+00, 3.16920000E+00, 3.95860000E+00, 3.86780000E+00, 3.83270000E+00, 3.52950000E+00, 3.49800000E+00, 3.77210000E+00, 3.38450000E+00, 3.32570000E+00, 3.29210000E+00, 3.26910000E+00, 3.25850000E+00, 3.23490000E+00, 3.68710000E+00, 3.82660000E+00, 3.61770000E+00, 3.47480000E+00, 3.38050000E+00, 3.31200000E+00, 4.03720000E+00, 3.98440000E+00, 3.97810000E+00, 3.71650000E+00, 3.78080000E+00, 3.59560000E+00, 3.47930000E+00, 3.42460000E+00, 3.39490000E+00, 3.37480000E+00, 3.36270000E+00, 3.36080000E+00, 3.81200000E+00, 3.98330000E+00, 3.79110000E+00, 3.65960000E+00, 3.57040000E+00, 3.50490000E+00, 4.12780000E+00, 4.18330000E+00, 4.13820000E+00, 4.05610000E+00, 4.03720000E+00, 4.01940000E+00, 4.00490000E+00, 3.98930000E+00, 3.97730000E+00, 3.66650000E+00, 3.61320000E+00, 3.91550000E+00, 3.92220000E+00, 3.91000000E+00, 3.90140000E+00, 3.89400000E+00, 3.67870000E+00, 3.81340000E+00, 3.77620000E+00, 3.70060000E+00, 3.62630000E+00, 3.55120000E+00, 3.46960000E+00, 3.41860000E+00, 3.36770000E+00, 3.34380000E+00, 3.82590000E+00, 4.02310000E+00, 3.83490000E+00, 3.71080000E+00, 3.62630000E+00, 3.56160000E+00, 4.17180000E+00, 4.14930000E+00, 4.30230000E+00, 3.95090000E+00, 4.08160000E+00, 4.05810000E+00, 3.83110000E+00, 3.98730000E+00}, \
    {2.83040000E+00, 2.55380000E+00, 3.39320000E+00, 3.11930000E+00, 3.18660000E+00, 3.12450000E+00, 3.04650000E+00, 2.87270000E+00, 2.76640000E+00, 2.69260000E+00, 3.46080000E+00, 3.29840000E+00, 3.51420000E+00, 3.54180000E+00, 3.50170000E+00, 3.31800000E+00, 3.19160000E+00, 3.09820000E+00, 3.61880000E+00, 3.58080000E+00, 3.53720000E+00, 3.48340000E+00, 3.43760000E+00, 3.50170000E+00, 3.35740000E+00, 3.29460000E+00, 3.25770000E+00, 3.23200000E+00, 3.21360000E+00, 3.19420000E+00, 3.48620000E+00, 3.57330000E+00, 3.58160000E+00, 3.42790000E+00, 3.32180000E+00, 3.24210000E+00, 3.70590000E+00, 3.70350000E+00, 3.68770000E+00, 3.63680000E+00, 3.69310000E+00, 3.63790000E+00, 3.51470000E+00, 3.45050000E+00, 3.41320000E+00, 3.38710000E+00, 3.36860000E+00, 3.30360000E+00, 3.60150000E+00, 3.71760000E+00, 3.75110000E+00, 3.60820000E+00, 3.50590000E+00, 3.42840000E+00, 3.81250000E+00, 3.89290000E+00, 3.85910000E+00, 3.78600000E+00, 3.76530000E+00, 3.74600000E+00, 3.73040000E+00, 3.71450000E+00, 3.70150000E+00, 3.58980000E+00, 3.52970000E+00, 3.59100000E+00, 3.63700000E+00, 3.62280000E+00, 3.61290000E+00, 3.60470000E+00, 3.61560000E+00, 3.66520000E+00, 3.62160000E+00, 3.57970000E+00, 3.54020000E+00, 3.46140000E+00, 3.42610000E+00, 3.38360000E+00, 3.34500000E+00, 3.28070000E+00, 3.60660000E+00, 3.75090000E+00, 3.79950000E+00, 3.66390000E+00, 3.56580000E+00, 3.48940000E+00, 3.86390000E+00, 3.88230000E+00, 4.03060000E+00, 3.85850000E+00, 3.80540000E+00, 3.77960000E+00, 3.75810000E+00, 3.70790000E+00}, \
    {2.61900000E+00, 2.47970000E+00, 3.13310000E+00, 3.05400000E+00, 3.06510000E+00, 2.98790000E+00, 2.90540000E+00, 2.88050000E+00, 2.73300000E+00, 2.63310000E+00, 3.20960000E+00, 3.56680000E+00, 3.36840000E+00, 3.36860000E+00, 3.31800000E+00, 3.31070000E+00, 3.15230000E+00, 3.03520000E+00, 3.39170000E+00, 3.82430000E+00, 3.76650000E+00, 3.71400000E+00, 3.67140000E+00, 3.27510000E+00, 3.60450000E+00, 3.56930000E+00, 3.21610000E+00, 3.17860000E+00, 3.15160000E+00, 3.12910000E+00, 3.33890000E+00, 3.39590000E+00, 3.39020000E+00, 3.41820000E+00, 3.28150000E+00, 3.17870000E+00, 3.49350000E+00, 3.91610000E+00, 3.87360000E+00, 3.81620000E+00, 3.47230000E+00, 3.41900000E+00, 3.38060000E+00, 3.34430000E+00, 3.31160000E+00, 3.20280000E+00, 3.16690000E+00, 3.23450000E+00, 3.45020000E+00, 3.53230000E+00, 3.54950000E+00, 3.59270000E+00, 3.46190000E+00, 3.36210000E+00, 3.61890000E+00, 4.05440000E+00, 4.01640000E+00, 3.98450000E+00, 3.96720000E+00, 3.95170000E+00, 3.93920000E+00, 3.92660000E+00, 3.91620000E+00, 3.80770000E+00, 3.75660000E+00, 3.48080000E+00, 3.86470000E+00, 3.85350000E+00, 3.84430000E+00, 3.83750000E+00, 3.80410000E+00, 3.79850000E+00, 3.75310000E+00, 3.71410000E+00, 3.68070000E+00, 3.40870000E+00, 3.35080000E+00, 3.22130000E+00, 3.16510000E+00, 3.21690000E+00, 3.45270000E+00, 3.56040000E+00, 3.59190000E+00, 3.64840000E+00, 3.52240000E+00, 3.42410000E+00, 3.67350000E+00, 4.05370000E+00, 4.14080000E+00, 3.98940000E+00, 3.96610000E+00, 3.94630000E+00, 3.92740000E+00, 3.90830000E+00}, \
    {2.47570000E+00, 2.40190000E+00, 2.97890000E+00, 3.14680000E+00, 2.97680000E+00, 2.88480000E+00, 2.79520000E+00, 2.74570000E+00, 2.68810000E+00, 2.57280000E+00, 3.05740000E+00, 3.32640000E+00, 3.35620000E+00, 3.25290000E+00, 3.19160000E+00, 3.15230000E+00, 3.10460000E+00, 2.97300000E+00, 3.24790000E+00, 3.58260000E+00, 3.53100000E+00, 3.47820000E+00, 3.43460000E+00, 3.13680000E+00, 3.36580000E+00, 3.33120000E+00, 3.29820000E+00, 3.26800000E+00, 3.23640000E+00, 3.21110000E+00, 3.24130000E+00, 3.27750000E+00, 3.26040000E+00, 3.25470000E+00, 3.23460000E+00, 3.11760000E+00, 3.35290000E+00, 3.67510000E+00, 3.64510000E+00, 3.58850000E+00, 3.33570000E+00, 3.28080000E+00, 3.23560000E+00, 3.19640000E+00, 3.16160000E+00, 3.12960000E+00, 3.05840000E+00, 3.29990000E+00, 3.34980000E+00, 3.41020000E+00, 3.41490000E+00, 3.42240000E+00, 3.41380000E+00, 3.30010000E+00, 3.48510000E+00, 3.81180000E+00, 3.78780000E+00, 3.74540000E+00, 3.72830000E+00, 3.71280000E+00, 3.70020000E+00, 3.68770000E+00, 3.67710000E+00, 3.58100000E+00, 3.50950000E+00, 3.48860000E+00, 3.62560000E+00, 3.61470000E+00, 3.60540000E+00, 3.59900000E+00, 3.58130000E+00, 3.57560000E+00, 3.52970000E+00, 3.48940000E+00, 3.45450000E+00, 3.42010000E+00, 3.19680000E+00, 3.16260000E+00, 3.12590000E+00, 3.26770000E+00, 3.34800000E+00, 3.43400000E+00, 3.45390000E+00, 3.47450000E+00, 3.47620000E+00, 3.36410000E+00, 3.54350000E+00, 3.82000000E+00, 3.92970000E+00, 3.77870000E+00, 3.74920000E+00, 3.72750000E+00, 3.70850000E+00, 3.67560000E+00}, \
    {2.37250000E+00, 2.32890000E+00, 2.87600000E+00, 2.98040000E+00, 2.90930000E+00, 2.80400000E+00, 2.70710000E+00, 2.63860000E+00, 2.57200000E+00, 2.51390000E+00, 2.95170000E+00, 3.16060000E+00, 3.20850000E+00, 3.16920000E+00, 3.09820000E+00, 3.03520000E+00, 2.97300000E+00, 2.91480000E+00, 3.14340000E+00, 3.41560000E+00, 3.37000000E+00, 3.31700000E+00, 3.27230000E+00, 3.04350000E+00, 3.20130000E+00, 3.16700000E+00, 3.13390000E+00, 3.10360000E+00, 3.07520000E+00, 3.05340000E+00, 3.17080000E+00, 3.19150000E+00, 3.16520000E+00, 3.13530000E+00, 3.09940000E+00, 3.06130000E+00, 3.24920000E+00, 3.50750000E+00, 3.48900000E+00, 3.43360000E+00, 3.24290000E+00, 3.18600000E+00, 3.13350000E+00, 3.09130000E+00, 3.05480000E+00, 3.02140000E+00, 2.99150000E+00, 3.14870000E+00, 3.27770000E+00, 3.32270000E+00, 3.31770000E+00, 3.29970000E+00, 3.27420000E+00, 3.24510000E+00, 3.38590000E+00, 3.64140000E+00, 3.63160000E+00, 3.58020000E+00, 3.56300000E+00, 3.54740000E+00, 3.53470000E+00, 3.52220000E+00, 3.51150000E+00, 3.42650000E+00, 3.33680000E+00, 3.33970000E+00, 3.45950000E+00, 3.44900000E+00, 3.43960000E+00, 3.43290000E+00, 3.43010000E+00, 3.42070000E+00, 3.37420000E+00, 3.33260000E+00, 3.29620000E+00, 3.26070000E+00, 3.08480000E+00, 3.05070000E+00, 3.01470000E+00, 3.12960000E+00, 3.27130000E+00, 3.34260000E+00, 3.35400000E+00, 3.34920000E+00, 3.33420000E+00, 3.31200000E+00, 3.44790000E+00, 3.65820000E+00, 3.78570000E+00, 3.63650000E+00, 3.60240000E+00, 3.57920000E+00, 3.55980000E+00, 3.51500000E+00}, \
    {3.21470000E+00, 2.83150000E+00, 3.87240000E+00, 3.46210000E+00, 3.88230000E+00, 3.37600000E+00, 3.07460000E+00, 2.88170000E+00, 2.75520000E+00, 2.66050000E+00, 3.97400000E+00, 3.61920000E+00, 3.65690000E+00, 3.95860000E+00, 3.61880000E+00, 3.39170000E+00, 3.24790000E+00, 3.14340000E+00, 4.24110000E+00, 3.87650000E+00, 3.77880000E+00, 3.74340000E+00, 3.68590000E+00, 3.78730000E+00, 3.61100000E+00, 3.58050000E+00, 3.56060000E+00, 3.54530000E+00, 3.53680000E+00, 3.51890000E+00, 3.60960000E+00, 3.98780000E+00, 3.70370000E+00, 3.51160000E+00, 3.39370000E+00, 3.30820000E+00, 4.43520000E+00, 4.11510000E+00, 3.98580000E+00, 3.98290000E+00, 4.02800000E+00, 3.98500000E+00, 3.91440000E+00, 3.89210000E+00, 3.88590000E+00, 3.87960000E+00, 3.87730000E+00, 3.74090000E+00, 3.86350000E+00, 4.27020000E+00, 4.01290000E+00, 3.81900000E+00, 3.70800000E+00, 3.62090000E+00, 4.65310000E+00, 4.63730000E+00, 4.17410000E+00, 4.13660000E+00, 4.10920000E+00, 4.08720000E+00, 4.06570000E+00, 4.04480000E+00, 4.03060000E+00, 3.77260000E+00, 3.78900000E+00, 4.13360000E+00, 3.98740000E+00, 3.97640000E+00, 3.96830000E+00, 3.95970000E+00, 3.84800000E+00, 4.40610000E+00, 4.38140000E+00, 4.30480000E+00, 4.22830000E+00, 4.15270000E+00, 4.14960000E+00, 4.05480000E+00, 3.94980000E+00, 3.74930000E+00, 3.90370000E+00, 4.33280000E+00, 4.06540000E+00, 3.87550000E+00, 3.77380000E+00, 3.68150000E+00, 4.68060000E+00, 4.34220000E+00, 4.19070000E+00, 4.14250000E+00, 4.04280000E+00, 4.02950000E+00, 4.00800000E+00, 4.08290000E+00}, \
    {2.75970000E+00, 3.05880000E+00, 3.34740000E+00, 3.62140000E+00, 3.43530000E+00, 3.47290000E+00, 3.24870000E+00, 3.32000000E+00, 3.09140000E+00, 2.94030000E+00, 3.49720000E+00, 3.79930000E+00, 3.67730000E+00, 3.86780000E+00, 3.58080000E+00, 3.82430000E+00, 3.58260000E+00, 3.41560000E+00, 3.87650000E+00, 4.10350000E+00, 3.98040000E+00, 3.96230000E+00, 3.89850000E+00, 3.28580000E+00, 3.82410000E+00, 3.77110000E+00, 3.75820000E+00, 3.72590000E+00, 3.71170000E+00, 3.68090000E+00, 3.62800000E+00, 3.88160000E+00, 3.62830000E+00, 3.94320000E+00, 3.72660000E+00, 3.57550000E+00, 4.08260000E+00, 4.28770000E+00, 4.11790000E+00, 4.05290000E+00, 3.55890000E+00, 3.51050000E+00, 3.41830000E+00, 3.37130000E+00, 3.37190000E+00, 3.33370000E+00, 3.30990000E+00, 3.83920000E+00, 3.82320000E+00, 4.08880000E+00, 3.83700000E+00, 4.18650000E+00, 3.97730000E+00, 3.82990000E+00, 4.31340000E+00, 4.62680000E+00, 4.31660000E+00, 4.35810000E+00, 4.33470000E+00, 4.31380000E+00, 4.29550000E+00, 4.27710000E+00, 4.26340000E+00, 4.03070000E+00, 4.12980000E+00, 4.11220000E+00, 4.19380000E+00, 4.17730000E+00, 4.16560000E+00, 4.15420000E+00, 3.98490000E+00, 4.28170000E+00, 4.28180000E+00, 4.22170000E+00, 4.16980000E+00, 4.09770000E+00, 3.65980000E+00, 3.53120000E+00, 3.38570000E+00, 3.80750000E+00, 3.83610000E+00, 3.82880000E+00, 3.86030000E+00, 4.24570000E+00, 4.03330000E+00, 3.87890000E+00, 4.34850000E+00, 4.51110000E+00, 4.32300000E+00, 4.16180000E+00, 4.19510000E+00, 4.18240000E+00, 4.16410000E+00, 4.27800000E+00}, \
    {2.73610000E+00, 2.97650000E+00, 3.24750000E+00, 3.50040000E+00, 3.41850000E+00, 3.43780000E+00, 3.20840000E+00, 3.27870000E+00, 3.06040000E+00, 2.91870000E+00, 3.40370000E+00, 3.67590000E+00, 3.65860000E+00, 3.83270000E+00, 3.53720000E+00, 3.76650000E+00, 3.53100000E+00, 3.37000000E+00, 3.77880000E+00, 3.98040000E+00, 3.89030000E+00, 3.81810000E+00, 3.79180000E+00, 3.21400000E+00, 3.70900000E+00, 3.65360000E+00, 3.64320000E+00, 3.60900000E+00, 3.59410000E+00, 3.56350000E+00, 3.68600000E+00, 3.58100000E+00, 3.58580000E+00, 3.88280000E+00, 3.66970000E+00, 3.52220000E+00, 3.97330000E+00, 4.15790000E+00, 4.04300000E+00, 3.95840000E+00, 3.46360000E+00, 3.43300000E+00, 3.33690000E+00, 3.28730000E+00, 3.29170000E+00, 3.24920000E+00, 3.22310000E+00, 3.71480000E+00, 3.84860000E+00, 3.75600000E+00, 3.77390000E+00, 4.11140000E+00, 3.90100000E+00, 3.75430000E+00, 4.22580000E+00, 4.47500000E+00, 4.23950000E+00, 4.23510000E+00, 4.21170000E+00, 4.19060000E+00, 4.17050000E+00, 4.15230000E+00, 4.13850000E+00, 3.97630000E+00, 4.01900000E+00, 3.98880000E+00, 4.06790000E+00, 4.05110000E+00, 4.03940000E+00, 4.02780000E+00, 3.93140000E+00, 4.14770000E+00, 4.10260000E+00, 4.07860000E+00, 4.02400000E+00, 3.95230000E+00, 3.51110000E+00, 3.42440000E+00, 3.29170000E+00, 3.68460000E+00, 3.85790000E+00, 3.78220000E+00, 3.79720000E+00, 3.77580000E+00, 3.95680000E+00, 3.80310000E+00, 4.26680000E+00, 4.37950000E+00, 4.26640000E+00, 4.09400000E+00, 4.14660000E+00, 4.12470000E+00, 4.10570000E+00, 4.15110000E+00}, \
    {2.68320000E+00, 2.90600000E+00, 3.26130000E+00, 3.43590000E+00, 3.35380000E+00, 3.38600000E+00, 3.15500000E+00, 3.23000000E+00, 3.01330000E+00, 2.87360000E+00, 3.40240000E+00, 3.61420000E+00, 3.59790000E+00, 3.52950000E+00, 3.48340000E+00, 3.71400000E+00, 3.47820000E+00, 3.31700000E+00, 3.74340000E+00, 3.96230000E+00, 3.81810000E+00, 3.76420000E+00, 3.73720000E+00, 3.17270000E+00, 3.64960000E+00, 3.59270000E+00, 3.58330000E+00, 3.54730000E+00, 3.53130000E+00, 3.50010000E+00, 3.55680000E+00, 3.53640000E+00, 3.53300000E+00, 3.83030000E+00, 3.61640000E+00, 3.46780000E+00, 3.92540000E+00, 4.12470000E+00, 3.95630000E+00, 3.90250000E+00, 3.49940000E+00, 3.37970000E+00, 3.28030000E+00, 3.22810000E+00, 3.23450000E+00, 3.18830000E+00, 3.16000000E+00, 3.64390000E+00, 3.72150000E+00, 3.76870000E+00, 3.71250000E+00, 4.05400000E+00, 3.84090000E+00, 3.69200000E+00, 4.13090000E+00, 4.41340000E+00, 4.18310000E+00, 4.20110000E+00, 4.17930000E+00, 4.15930000E+00, 4.14240000E+00, 4.12470000E+00, 4.11160000E+00, 3.88900000E+00, 3.95730000E+00, 3.95430000E+00, 4.04300000E+00, 4.02700000E+00, 4.01580000E+00, 4.00480000E+00, 3.84050000E+00, 4.06160000E+00, 4.02940000E+00, 3.99000000E+00, 3.93410000E+00, 3.86280000E+00, 3.41990000E+00, 3.34090000E+00, 3.21540000E+00, 3.61040000E+00, 3.73110000E+00, 3.79090000E+00, 3.73580000E+00, 3.71610000E+00, 3.89750000E+00, 3.74130000E+00, 4.16900000E+00, 4.33620000E+00, 4.21730000E+00, 4.04660000E+00, 4.05150000E+00, 4.03570000E+00, 4.01580000E+00, 4.12600000E+00}, \
    {2.63790000E+00, 2.84940000E+00, 3.18400000E+00, 3.42250000E+00, 3.27710000E+00, 3.34010000E+00, 3.10720000E+00, 3.18850000E+00, 2.97140000E+00, 2.83190000E+00, 3.33150000E+00, 3.59790000E+00, 3.52560000E+00, 3.49800000E+00, 3.43760000E+00, 3.67140000E+00, 3.43460000E+00, 3.27230000E+00, 3.68590000E+00, 3.89850000E+00, 3.79180000E+00, 3.73720000E+00, 3.72110000E+00, 3.21780000E+00, 3.63330000E+00, 3.57750000E+00, 3.56910000E+00, 3.53270000E+00, 3.51640000E+00, 3.48540000E+00, 3.48360000E+00, 3.50600000E+00, 3.48840000E+00, 3.78800000E+00, 3.57300000E+00, 3.42310000E+00, 3.86460000E+00, 4.06170000E+00, 3.91820000E+00, 3.86070000E+00, 3.43090000E+00, 3.41550000E+00, 3.26790000E+00, 3.21650000E+00, 3.22740000E+00, 3.18020000E+00, 3.15200000E+00, 3.61820000E+00, 3.64870000E+00, 3.66810000E+00, 3.71520000E+00, 3.63250000E+00, 3.79440000E+00, 3.64360000E+00, 4.06920000E+00, 4.34580000E+00, 4.11070000E+00, 4.14020000E+00, 4.11790000E+00, 4.09730000E+00, 4.08000000E+00, 4.06260000E+00, 4.04890000E+00, 3.84890000E+00, 3.92370000E+00, 3.89170000E+00, 3.97810000E+00, 3.96140000E+00, 3.94980000E+00, 3.93900000E+00, 3.80290000E+00, 3.99790000E+00, 3.96400000E+00, 3.93570000E+00, 3.87110000E+00, 3.80020000E+00, 3.38090000E+00, 3.28100000E+00, 3.16040000E+00, 3.55770000E+00, 3.65750000E+00, 3.69070000E+00, 3.73920000E+00, 3.66930000E+00, 3.85210000E+00, 3.69390000E+00, 4.10610000E+00, 4.27510000E+00, 4.14820000E+00, 3.99410000E+00, 4.00750000E+00, 3.99260000E+00, 3.97260000E+00, 4.05710000E+00}, \
    {2.92300000E+00, 2.62230000E+00, 3.41610000E+00, 2.89990000E+00, 3.05570000E+00, 3.33080000E+00, 3.05550000E+00, 2.85080000E+00, 2.73850000E+00, 2.66400000E+00, 3.52630000E+00, 3.02770000E+00, 3.29900000E+00, 3.77210000E+00, 3.50170000E+00, 3.27510000E+00, 3.13680000E+00, 3.04350000E+00, 3.78730000E+00, 3.28580000E+00, 3.21400000E+00, 3.17270000E+00, 3.21780000E+00, 3.44140000E+00, 3.08960000E+00, 3.04110000E+00, 3.01610000E+00, 3.00180000E+00, 2.99620000E+00, 2.98570000E+00, 3.28680000E+00, 3.80970000E+00, 3.57890000E+00, 3.37600000E+00, 3.25220000E+00, 3.16840000E+00, 3.93150000E+00, 3.48740000E+00, 3.40020000E+00, 3.36730000E+00, 3.61770000E+00, 3.60330000E+00, 3.48710000E+00, 3.43860000E+00, 3.41710000E+00, 3.40500000E+00, 3.40230000E+00, 3.17530000E+00, 3.47240000E+00, 3.64050000E+00, 3.77010000E+00, 3.56970000E+00, 3.44650000E+00, 3.35980000E+00, 4.09440000E+00, 3.85820000E+00, 3.58570000E+00, 3.53810000E+00, 3.51390000E+00, 3.49190000E+00, 3.47170000E+00, 3.45300000E+00, 3.43660000E+00, 3.27060000E+00, 3.26770000E+00, 3.58940000E+00, 3.38860000E+00, 3.37540000E+00, 3.36770000E+00, 3.35710000E+00, 3.29620000E+00, 3.64920000E+00, 3.62080000E+00, 3.63310000E+00, 3.54890000E+00, 3.47590000E+00, 3.53820000E+00, 3.47820000E+00, 3.41740000E+00, 3.20520000E+00, 3.51760000E+00, 3.68640000E+00, 3.81570000E+00, 3.61550000E+00, 3.49290000E+00, 3.40100000E+00, 4.12450000E+00, 3.71030000E+00, 3.68230000E+00, 3.54260000E+00, 3.50200000E+00, 3.48270000E+00, 3.46670000E+00, 3.48650000E+00}, \
    {2.54900000E+00, 2.76230000E+00, 3.09910000E+00, 3.32520000E+00, 3.18360000E+00, 3.24280000E+00, 3.02590000E+00, 3.12250000E+00, 2.90320000E+00, 2.76210000E+00, 3.24900000E+00, 3.51100000E+00, 3.44290000E+00, 3.38450000E+00, 3.35740000E+00, 3.60450000E+00, 3.36580000E+00, 3.20130000E+00, 3.61100000E+00, 3.82410000E+00, 3.70900000E+00, 3.64960000E+00, 3.63330000E+00, 3.08960000E+00, 3.54620000E+00, 3.48850000E+00, 3.48120000E+00, 3.44130000E+00, 3.42250000E+00, 3.38970000E+00, 3.39940000E+00, 3.39250000E+00, 3.40940000E+00, 3.72180000E+00, 3.50510000E+00, 3.35280000E+00, 3.78370000E+00, 3.98480000E+00, 3.83100000E+00, 3.76580000E+00, 3.29460000E+00, 3.27370000E+00, 3.17140000E+00, 3.11640000E+00, 3.12930000E+00, 3.07560000E+00, 3.04260000E+00, 3.52100000E+00, 3.56270000E+00, 3.55690000E+00, 3.58130000E+00, 3.55610000E+00, 3.72350000E+00, 3.57010000E+00, 3.98500000E+00, 4.25830000E+00, 4.02700000E+00, 4.06530000E+00, 4.04260000E+00, 4.02160000E+00, 4.00430000E+00, 3.98660000E+00, 3.97320000E+00, 3.75950000E+00, 3.84800000E+00, 3.81310000E+00, 3.90080000E+00, 3.88360000E+00, 3.87180000E+00, 3.86080000E+00, 3.71040000E+00, 3.88330000E+00, 3.84640000E+00, 3.83330000E+00, 3.77980000E+00, 3.71020000E+00, 3.25720000E+00, 3.19050000E+00, 3.07350000E+00, 3.48030000E+00, 3.56930000E+00, 3.57930000E+00, 3.60550000E+00, 3.59410000E+00, 3.78300000E+00, 3.62250000E+00, 4.02060000E+00, 4.19730000E+00, 4.07110000E+00, 3.89520000E+00, 3.91580000E+00, 3.90070000E+00, 3.88020000E+00, 3.97440000E+00}, \
    {2.49260000E+00, 2.71360000E+00, 3.06930000E+00, 3.26990000E+00, 3.12720000E+00, 3.18930000E+00, 2.96580000E+00, 3.09720000E+00, 2.87780000E+00, 2.73580000E+00, 3.22060000E+00, 3.45660000E+00, 3.38960000E+00, 3.32570000E+00, 3.29460000E+00, 3.56930000E+00, 3.33120000E+00, 3.16700000E+00, 3.58050000E+00, 3.77110000E+00, 3.65360000E+00, 3.59270000E+00, 3.57750000E+00, 3.04110000E+00, 3.48850000E+00, 3.44210000E+00, 3.43390000E+00, 3.39070000E+00, 3.36990000E+00, 3.33630000E+00, 3.34760000E+00, 3.33480000E+00, 3.34730000E+00, 3.34080000E+00, 3.46860000E+00, 3.31620000E+00, 3.74650000E+00, 3.92800000E+00, 3.77160000E+00, 3.70350000E+00, 3.23760000E+00, 3.21450000E+00, 3.15210000E+00, 3.12200000E+00, 3.05670000E+00, 3.04780000E+00, 3.00990000E+00, 3.46390000E+00, 3.50870000E+00, 3.49900000E+00, 3.51870000E+00, 3.52590000E+00, 3.68080000E+00, 3.52660000E+00, 3.94160000E+00, 4.18980000E+00, 3.96760000E+00, 4.00930000E+00, 3.98670000E+00, 3.96570000E+00, 3.94850000E+00, 3.93100000E+00, 3.91760000E+00, 3.69840000E+00, 3.81570000E+00, 3.76350000E+00, 3.84630000E+00, 3.82910000E+00, 3.81640000E+00, 3.80560000E+00, 3.65150000E+00, 3.80270000E+00, 3.76480000E+00, 3.73170000E+00, 3.70000000E+00, 3.64660000E+00, 3.21000000E+00, 3.14940000E+00, 3.03420000E+00, 3.42360000E+00, 3.51570000E+00, 3.52210000E+00, 3.54380000E+00, 3.56430000E+00, 3.74090000E+00, 3.57970000E+00, 3.97650000E+00, 4.13850000E+00, 4.01800000E+00, 3.83270000E+00, 3.85460000E+00, 3.83920000E+00, 3.81880000E+00, 3.91500000E+00}, \
